15239274
15336083
15415794
15430410
15569162
15598504
15624334
15707049
15715627
15773753
15799454
15847055
15848700
15886152
15918738
15920024
15945836
15983117
16050141
16079603
16081025
16124915
16209216
16281691
16310772
16497216
16527154
16566166
16663708
16678030
16788269
16791907
16791908
16794762
16795124
16866851
16881352
16929212
16982038
17142799
17193098
17193111
17195739
17344616
17465823
17536161
17745232
17955297
17956064
17985256
17993401
17999330
18060852
18089469
18196317
18250101
18371502
18427906
18428061
18543106
19164431
19222937
19236411
19400534
19437997
19457807
19588038
19600002
19600557
19601222
19604820
19698405
19698830
19708205
19748541
19830861
19833941
19911171
20017361
20029187
20086190
20172197
20211117
20212951
20216474
20299413
20348452
20370835
20375635
20527420
20542185
20769524
20840182
20978991
21174105
21456728
21457449
21589436
21590134
21590913
21592956
21596150
21599402
21602602
21605174
21696855
21697421
21698197
21699312
21774169
21828514
21864997
21888400
21934144
22060688
22061577
22062877
22065412
22078154
22163782
22167454
22169885
22176647
22807837
22917822
22997019
23107258
23230342
23372854
23456299
23610620
23615484
24526430
24842919
24963250
26580294
27393055
27410763
27625682
28123419
28270130
28786782
28788628
28790948
29318444
29473138
29474188
29488111
29492158
29712865
29720992
29739163
29893880
30009031
30140047
30141050
30154001
30171840
30276721
30377402
30390268
30609975
30816685
31098993
31210522
31238258
31279084
31444117
31683137
31711263
31778883
31912430
32204862
32377948
32492709
32551903
32563611
32926277
32996557
33413387
33532007
34378242
34608189
34865968
35193395
35294207
35299950
36316517
36324491
36473567
36604386
36701543
36703683
36988248
37114706
37120765
37416231
37479803
37542274
37542942
37544167
37545783
37547910
37550157
37702991
37704032
37707947
37710332
37718049
37763384
37766140
37786427
38067457
38067461
38070494
38146692
38147328
38227665
38362578
38366596
38474523
38475631
38537444
38638447
38765368
38766891
38767605
38774804
38792934
38848795
38860677
38951022
39003887
39123687
39224272
39474891
40865479
41230473
41238305
41245493
42186770
42189398
42192264
42208891
42724560
43020083
43183268
43408268
43510643
43811493
43812344
43876718
44806322
44894200
44958594
44962132
45030933
45349128
45357346
45404158
45404867
45477282
45483289
45624874
45626465
45768033
45848201
45854802
45870080
45986574
45998082
46099070
46108940
46132478
46298145
46325366
46376333
46501638
46529731
46530379
46554928
46568450
46572122
46595142
46597643
46605671
46667116
46749710
46761778
46818948
46899064
46907972
46921882
47330396
47381696
47548792
47557807
47818000
47890352
48114780
