24963250
29893880
30009031
30140047
30141050
30154001
30171840
30276721
30377402
30609975
30816685
31098993
31210522
31238258
31279084
31444117
31683137
31711263
31778883
31912430
32204862
32377948
32492709
32551903
32563611
32926277
32996557
33413387
33532007
34378242
34608189
34865968
35193395
35294207
35299950
36316517
36324491
36473567
36604386
36701543
36703683
36988248
37114706
37120765
37416231
37479803
37542274
37542942
37544167
37545783
37547910
37550157
37702991
37704032
37707947
37710332
37718049
37763384
37766140
37786427
38067457
38067461
38070494
38146692
38147328
38227665
38362578
38366596
38474523
38475631
38537444
38638447
38765368
38766891
38767605
38774804
38792934
38848795
38860677
38951022
39003887
39123687
39224272
39474891
40865479
41230473
41238305
41245493
42186770
42189398
42192264
42208891
42724560
43020083
43183268
43408268
43510643
43811493
43812344
43876718
44806322
44894200
44958594
44962132
45030933
45349128
45357346
45404158
45404867
45477282
45483289
45624874
45626465
45768033
45848201
45854802
45870080
45986574
45998082
46099070
46108940
46132478
46298145
46325366
46376333
46501638
46529731
46530379
46554928
46568450
46572122
46595142
46597643
46605671
46667116
46749710
46761778
46818948
46899064
46907972
46921882
47330396
47381696
47548792
47557807
47818000
47890352
