15239274
15336083
15415794
15430410
15569162
15598504
15624334
15707049
15715627
15773753
15799454
15847055
15848700
15886152
15918738
15920024
15945836
15983117
16050141
16079603
16081025
16104803
16124915
16163351
16209216
16260846
16281691
16310772
16315579
16317180
16401666
16422312
16497216
16527154
16544605
16566166
16663708
16678030
16723434
16744030
16788269
16791907
16791908
16794762
16795124
16864115
16864667
16866851
16881352
16889410
16916568
16929212
16964177
16982038
17036662
17083049
17142799
17193098
17193111
17195739
17242171
17325998
17329584
17344616
17407049
17456789
17465823
17479803
17536161
17745232
17955297
17956064
17985256
17993401
17999330
18060852
18089469
18196317
18250101
18371502
18427906
18428061
18512592
18534065
18543106
18585641
18606497
18625904
18635882
18706349
18731179
18732693
18749174
18765457
18765463
18818274
18831969
18837375
18837397
18840251
18848792
18848805
18859132
18873738
18876495
18884639
19164431
19222937
19236411
19400534
19437997
19457807
19588038
19600002
19600557
19601222
19604820
19698405
19698830
19708205
19748541
19830861
19833941
19911171
20017361
20029187
20086190
20172197
20211117
20212951
20216474
20299413
20348452
20370835
20375635
20527420
20542185
20769524
20840182
20978991
21174105
21456728
21457449
21589436
21590134
21590913
21592956
21596150
21599402
21602602
21605174
21696855
21697421
21698197
21699312
21774169
21828514
21864997
21888400
21934144
22060688
22061577
22062877
22065412
22078154
22163782
22167454
22169885
22176647
22807837
22917822
22997019
23107258
23230342
23372854
23456299
23610620
23615484
24526430
24842919
26580294
27393055
27410763
27625682
28123419
28270130
28786782
28788628
28790948
29318444
29473138
29474188
29488111
29492158
29712865
29720992
29739163
29893880
30009031
30140047
30141050
30154001
30171840
30276721
30377402
30390268
48114780
