48217851
48114780
47890352
47818000
47557807
47548792
47381696
47330396
46921882
46907972
46899064
46818948
46761778
46749710
46667116
46605671
46597643
46595142
46572122
46568450
46554928
46530379
46529731
46501638
46376333
46325366
46298145
46132478
46108940
46099070
46099070
45998082
45986574
45870080
45854802
45848201
45768033
45626465
45624874
45483289
45477282
45404867
45404158
45357346
45349128
45030933
44962132
44958594
44894200
44806322
44518820
44141700
44131210
44129956
44127792
44118423
44107921
44100006
44098476
44097573
44087474
44080397
43876718
43812344
43811493
43510643
43408268
43183268
43020083
42724560
42575824
42208891
42192264
42192264
42189398
42186770
41572004
41551966
41350179
41245493
41238305
41230473
40865479
39474891
39224272
39123687
39003887
38951022
38860677
38848795
38792934
38774804
38767605
38766891
38765368
38638447
38537444
38475631
38474523
38366596
38362578
38227665
38147328
38146692
38070494
38067461
38067457
37828957
37828246
37827353
37786427
37766140
37763384
37718049
37710332
37710332
37707947
37704032
37702991
37550157
37547910
37545783
37544167
37542942
37542274
37479803
37416231
37120765
37114706
36988248
36765372
36703683
36701543
36604386
36473567
36324491
36316517
35748017
35726416
35724188
35712809
35710050
35707926
35688536
35651475
35647546
35645375
35628375
35618125
35610284
35587988
35581603
35580820
35571712
35570915
35570059
35299950
35294207
35193395
34865968
34760755
34739113
34608189
34378242
33413387
32996557
32926277
32551903
32377948
32234632
32204862
31778883
31711263
31683137
31444117
31279084
31238258
31210522
31098993
30816685
30609975
30492424
30390268
30377402
30276721
30171840
30154001
30141050
30140047
30009031
29893880
29739163
29720992
29712865
29492158
29488111
29480163
29474188
29473138
29318444
29050893
28790948
28788628
28786782
28748813
28746727
28745738
28707634
28400260
28399977
28270130
28123419
27625682
27410763
27393055
27372457
27371928
26983566
26745968
26745968
26734625
26580294
25751818
25748938
25740563
25489089
25215121
24963250
24852263
24851542
24842919
24526430
24305261
23763417
23746197
23615484
23610620
23519005
23515703
23515608
23515379
23515148
23502666
23456299
23372854
23230342
23107258
22997019
22917822
22807837
22293761
22283168
22270470
22176647
22169885
22167454
22163782
22078154
22065412
22062877
22061577
22060688
21934144
21888400
21864997
21828514
21774169
21699312
21698197
21697421
21696855
21667396
21659834
21605174
21602602
21599402
21596150
21592956
21590913
21590134
21589436
21457449
21456728
21174105
20978991
20840182
20769524
20646358
20542185
20527420
20414059
20375635
20370835
20348452
20299413
20216474
20212951
20211117
20172197
20086190
20029187
20017361
19911171
19833941
19830861
19827518
19748541
19735239
19708205
19698830
19698405
19604820
19601222
19600557
19600002
19588038
19457807
19437997
19400534
19236411
19222937
19164431
19063017
18543106
18428061
18427906
18371502
18250101
18196317
18089469
18060852
17999330
17993401
17985256
17956064
17955297
17888634
17745232
17536161
17465823
17395378
17344616
17195739
17193111
17193111
17193098
17142799
16982038
16929212
16881352
16795124
16794762
16791908
16791907
16788269
16678030
16663708
16566166
16527154
16497216
16384574
16371909
16310772
16281691
16209216
16124915
16081025
16079603
16050141
15983117
15945836
15920024
15918738
15886152
15852431
15848700
15847055
15799454
15773753
15715627
15707049
15624334
15598504
15569162
15430410
15415794
15336083
15239274
